1.402232018110003664e-28 5.730142210086356498e-21 7.117867221317583625e-32 1.249999999999999029e-01
1.249999970128970184e-01 2.987102976173008977e-09 5.730130924436611255e-21 5.437432452470369511e-32
2.987102976177338440e-09 1.249999970128968935e-01 1.411335575031837846e-32 5.730192038929894276e-21
5.730127420180230280e-21 1.370519672921576849e-28 1.249999999999999029e-01 1.932305392260152567e-32
1.380730796788707486e-28 5.730154286832177309e-21 4.289896424151667751e-33 1.250000000000000278e-01
1.249999970128971710e-01 2.987102976177085736e-09 5.730146483609451869e-21 4.107607005653942251e-32
2.987102976175814773e-09 1.249999970128969767e-01 7.059015552743383177e-32 5.730151888077679878e-21
5.730143627325128157e-21 1.372818729783987132e-28 1.250000000000000833e-01 1.245690556398415967e-32
1.354405806920239937e-28 5.730143219506085284e-21 2.329704553922766468e-32 1.250000000000001388e-01
1.249999970128971294e-01 2.987102976185832758e-09 5.730176448925266994e-21 3.095457802312743889e-32
2.987102976174420147e-09 1.249999970128970878e-01 1.556376722726221073e-31 5.730142544411364254e-21
5.730152029481287533e-21 1.373370728905878408e-28 1.250000000000000833e-01 2.194240367342076579e-32
1.391197883864570767e-28 5.730130293522320660e-21 1.266295406729909557e-31 1.250000000000001665e-01
1.249999970128971710e-01 2.987102976170417420e-09 5.730132821805502068e-21 1.581663496827238746e-32
2.987102976159189684e-09 1.249999970128969351e-01 2.103003791654035177e-31 5.730135489165278753e-21
5.730152587663987832e-21 1.360209337517674751e-28 1.249999999999999722e-01 3.502517234581797479e-32
1.370532824283542741e-28 5.730137654401182696e-21 1.118588627372046658e-31 1.249999999999999029e-01
1.249999970128971710e-01 2.987102976170669296e-09 5.730121301682476103e-21 4.591236219904065381e-33
2.987102976157047700e-09 1.249999970128969351e-01 6.356485395323889899e-32 5.730150558418905308e-21
5.730172851735282158e-21 1.364608381123137265e-28 1.250000000000001388e-01 5.435671002356832395e-32
1.366234951968210866e-28 5.730147673023799907e-21 2.031661166362515810e-31 1.250000000000000833e-01
1.249999970128972127e-01 2.987102976168782497e-09 5.730155984611026503e-21 1.341218004379511378e-32
2.987102976176916992e-09 1.249999970128969351e-01 6.229373932686039672e-32 5.730137148579680943e-21
5.730156371379887549e-21 1.361489456272313541e-28 1.250000000000000555e-01 3.737128536652460870e-32
1.370900165364388091e-28 5.730150522932770386e-21 5.105329168724672239e-33 1.250000000000001388e-01
1.249999970128972127e-01 2.987102976171914203e-09 5.730111065156179525e-21 6.077975563836017208e-33
2.987102976170414525e-09 1.249999970128970184e-01 6.162975822039156098e-33 5.730129869347325258e-21
5.730147247167350302e-21 1.347328311447606829e-28 1.250000000000000278e-01 5.660897237306584683e-32
1.397363925443947013e-28 5.730146674863307345e-21 1.658909596136112965e-32 1.249999999999999722e-01
1.249999970128971294e-01 2.987102976174510310e-09 5.730168114804749574e-21 8.794401312754230560e-33
2.987102976178403022e-09 1.249999970128968935e-01 7.987210583986292114e-32 5.730109721045689326e-21
5.730130564898924331e-21 1.333159897796654316e-28 1.249999999999998196e-01 2.412081135849284658e-32
