5.545832159558491958e-02 0.000000000000000000e+00 5.968445402219791501e-02 0.000000000000000000e+00
3.735024873881497602e-31 5.167823824763233265e-02 1.243589378768852330e-31 5.944572417611466292e-02
6.244820998348529772e-02 1.604269412639289278e-32 5.810288992740601788e-02 5.172116661370215505e-31
7.168166057551400891e-31 4.784170147671101825e-02 6.443113789631960326e-31 8.964912690332194067e-02
1.950417241767756285e-02 2.567930713774452675e-32 1.242705201816634852e-01 4.461319921705222571e-31
6.745167122027532368e-32 7.368070677481164399e-02 7.706189388016136887e-32 2.611212924876563091e-02
9.520756375790857817e-02 1.909779819859736691e-32 4.227458400952035372e-03 2.924895647063956080e-31
8.727147595851611593e-31 3.018365448132911272e-03 1.144578069193218427e-30 1.665780829128996610e-01
2.569895477159177613e-03 1.775553140582144503e-31 1.578639855264921399e-01 1.945771513012729310e-30
8.984507158727178875e-32 8.804374350102345259e-02 2.041264038852686261e-32 3.595585840875834341e-03
7.957851321507379561e-02 5.301504714254873612e-32 3.070680690556430725e-02 1.073212474846716891e-31
7.521518322527344167e-31 2.291171873539043363e-02 7.907732692525983408e-31 1.311378055479032190e-01
4.072316233262638502e-02 1.687738518532904031e-31 8.483670980658047922e-02 1.572703490564698829e-30
5.763618965867304755e-31 5.802741010120130577e-02 3.793073512329130744e-31 4.939025259344533708e-02
5.524703105479207565e-02 1.882759286942436629e-32 6.991415350205447410e-02 1.175080243964958705e-31
2.271939374495843080e-31 6.519113744218645035e-02 2.482656357480271783e-31 6.335442294236653948e-02
5.944572417611486415e-02 2.545728554021347752e-31 5.167823824763190244e-02 1.751490240554062608e-30
4.393974538425682217e-31 5.968445402219764440e-02 3.633372468124849789e-31 5.545832159558520408e-02
8.964912690332180190e-02 8.475349043662590074e-32 4.784170147671133744e-02 2.030217576232563959e-31
2.468166706465728217e-31 5.810288992740646891e-02 2.046414665354574608e-31 6.244820998348502017e-02
2.611212924876591887e-02 1.754939264757335196e-31 7.368070677481125541e-02 1.505880973642338493e-30
2.291302357205233677e-31 1.242705201816632909e-01 1.903896710443403097e-31 1.950417241767771204e-02
1.665780829128991891e-01 5.399271692725924932e-31 3.018365448133023595e-03 1.775826976382895001e-30
5.726969179051148901e-31 4.227458400952181956e-03 4.832296967364041257e-31 9.520756375790860593e-02
3.595585840875772758e-03 5.342604871654705959e-32 8.804374350102352198e-02 3.141778469852050351e-32
6.444620055288533910e-32 1.578639855264926117e-01 1.409125726610726872e-32 2.569895477159116464e-03
1.311378055479029692e-01 1.394373279736358758e-31 2.291171873539018036e-02 1.462599348016276588e-30
5.036576775343937714e-31 3.070680690556407480e-02 4.986956338595601419e-31 7.957851321507417031e-02
4.939025259344471952e-02 2.437523893774708533e-32 5.802741010120138904e-02 1.056946215739600142e-31
2.278267279464928679e-31 8.483670980658079841e-02 9.348840234930883136e-32 4.072316233262615603e-02
6.335442294236685867e-02 1.468521582595267064e-32 6.519113744218613116e-02 4.714676503859952492e-31
4.797036755507728999e-31 6.991415350205429369e-02 5.569773974470643619e-31 5.524703105479236015e-02
