3.186094580333477880e-03 0.000000000000000000e+00 1.002182863263382656e-01 0.000000000000000000e+00
1.233502720574579192e-30 1.054548910903966019e-01 9.040482160296360223e-32 1.543007369484035701e-04
1.200467639460358754e-01 5.065621241718911731e-31 2.586171918135284183e-06 2.992789568775338428e-32
1.929593115633150152e-30 8.453401111229221290e-03 7.050487633356526625e-32 1.105815935662731730e-01
3.496918542187975321e-02 2.566712935414822091e-31 9.533691421643186725e-02 7.914657874202389698e-33
4.441520085673344889e-31 8.019610539128255167e-02 5.801349177575056406e-32 3.638097191432939498e-02
2.693989575946850040e-02 4.629957853171915835e-32 1.076826260187767059e-01 6.158736912640937386e-32
2.136930197493554091e-31 1.687841403209124069e-01 4.157679439077291256e-32 1.008296442597353404e-02
1.433491602189790048e-01 4.486582684159792547e-31 9.384741241349013954e-03 2.162527718783910241e-31
6.744433777263694698e-31 2.485014083669039031e-02 4.421030897284310311e-32 9.396480457091795080e-02
8.550814766816317025e-02 4.670649494737356064e-31 4.145831293999181766e-02 1.220410061820090174e-31
1.066367139048673502e-30 4.146606385051951338e-02 3.725682201558933791e-32 1.047406752899654875e-01
7.419814863663707662e-03 3.510714652491680703e-32 1.017685519713814185e-01 3.811105216525344311e-33
1.957125756042341166e-31 1.111985002563853769e-01 6.719455964899239051e-33 9.193321685902160737e-06
1.140667390824680882e-01 3.664600338131715862e-31 2.033254745226687399e-04 1.186063877938536884e-31
7.333078450252480245e-32 3.541412781874296936e-03 2.677133465335685576e-33 1.085996946329127189e-01
1.543007369485239707e-04 5.564811190346958837e-32 1.054548910903966019e-01 1.149311164945964944e-32
2.676191830515365310e-31 1.002182863263376550e-01 2.007398799296624174e-32 3.186094580334112355e-03
1.105815935662742416e-01 4.023907724851709784e-31 8.453401111228281070e-03 8.651084716976726603e-32
6.141459212298219071e-31 2.586171918152897387e-06 1.336789628345651187e-32 1.200467639460355701e-01
3.638097191432792393e-02 1.117113434306848214e-31 8.019610539128418925e-02 2.081255829919896540e-33
6.601520350000941868e-31 9.533691421643378239e-02 4.146662316259639563e-32 3.496918542187782419e-02
1.008296442597474835e-02 9.062588625196091366e-32 1.687841403209113800e-01 4.675482421837187462e-32
4.754840031249674424e-30 1.076826260187751377e-01 1.538249328662196612e-31 2.693989575947034962e-02
9.396480457091924143e-02 4.256295364587821124e-31 2.485014083668865906e-02 5.282305990378369677e-32
3.305455599913516594e-30 9.384741241347888119e-03 7.537754209565540935e-32 1.433491602189805869e-01
1.047406752899633642e-01 4.081527034642649582e-31 4.146606385052205301e-02 8.666684749742562707e-33
2.479488181156776005e-31 4.145831293999358708e-02 2.518537971083534569e-32 8.550814766816125512e-02
9.193321685869573686e-06 1.286329362172619353e-32 1.111985002563853492e-01 5.072504977611843961e-33
1.780952122871694405e-30 1.017685519713807107e-01 8.603751835553682798e-32 7.419814863664555941e-03
1.085996946329136348e-01 4.082971482100940008e-31 3.541412781873615623e-03 2.874600905274854763e-32
3.747556182639837798e-32 2.033254745225151355e-04 7.276558879750721369e-33 1.140667390824681299e-01
