1.638326823101493384e-04 0.000000000000000000e+00 6.263648818413622421e-02 0.000000000000000000e+00
2.002882639377425394e-30 1.222689892519503273e-05 3.740043143931822671e-31 1.187303363835809367e-01
9.187070239744045408e-02 1.647174548391586435e-29 4.185292871167357182e-02 7.205351028228674039e-32
2.266104586396058138e-31 1.292671555967282448e-01 3.519421159561997198e-31 9.495724840214979368e-02
1.069496179651548695e-01 1.696668269943477666e-29 7.407077765338089537e-03 9.274854255749213137e-32
2.711988325200762731e-30 1.239095089432623448e-01 4.076859939215338114e-33 2.061974985589821313e-02
9.918549395802986335e-02 1.255459423129953827e-29 2.043623645967293598e-04 4.002929149015606791e-32
8.912092205773129705e-30 9.653425130683550293e-02 7.158563228115029842e-33 2.030175075675931182e-03
8.630413453379633115e-02 7.177406751082589793e-30 2.459306626002948342e-03 2.051804655625851380e-32
1.687465331711171529e-29 8.170944656199684297e-02 9.337486699790352956e-33 4.144069010346234077e-04
1.364448458076754633e-01 9.601186248950825907e-30 2.680649416268375898e-02 2.406203664970520307e-32
3.409505245220007182e-29 1.111775659307291941e-01 5.918829009281344656e-32 1.046284666770810196e-02
1.026451192033121934e-01 5.730464934366319968e-30 9.847628833152560768e-02 1.855907900248299003e-31
2.172197757308312767e-29 7.095078996712049502e-02 5.765055935192880915e-32 4.661247036666402166e-02
7.156155308475026862e-05 2.225666625210557475e-32 1.463827402952664891e-01 7.726037964490136942e-31
1.146273351568327497e-30 2.133683531805217960e-04 1.811310416593924142e-32 8.253745824648708873e-02
1.187303363835771480e-01 5.483052040286998225e-30 1.222689892519066543e-05 1.463117231858816124e-31
2.658260048478145062e-29 6.263648818413741770e-02 3.827598787914346477e-32 1.638326823101595028e-04
9.495724840214633811e-02 4.758492627820184354e-30 1.292671555967299934e-01 1.115362257549724763e-30
2.838626701711640555e-29 4.185292871167398121e-02 1.851892236270746685e-32 9.187070239743695688e-02
2.061974985589755394e-02 9.620641679230358107e-31 1.239095089432633162e-01 5.613376182816445303e-31
8.473553691764640838e-30 7.407077765338118160e-03 8.229672884323303996e-32 1.069496179651516082e-01
2.030175075675768551e-03 1.869807619646156306e-32 9.653425130683564170e-02 1.713220515380686318e-31
1.840905014861806422e-30 2.043623645967492821e-04 1.393661777967233882e-31 9.918549395802832291e-02
4.144069010346879177e-04 3.512177441201217235e-31 8.170944656199627398e-02 2.615495447777375102e-32
3.297769584443858424e-32 2.459306626002940102e-03 1.880511933278484035e-31 8.630413453379666422e-02
1.046284666770858768e-02 2.060408002754074596e-30 1.111775659307276398e-01 1.925929944387236195e-33
7.709149842899883102e-31 2.680649416268348489e-02 4.100674313541504889e-31 1.364448458076777393e-01
4.661247036666583271e-02 7.874044143868785974e-30 7.095078996711895458e-02 1.011715073910919834e-32
2.892595043970989618e-30 9.847628833152431704e-02 4.332741306871246082e-31 1.026451192033154686e-01
8.253745824649021123e-02 1.465062981990571761e-29 2.133683531805663839e-04 6.240013019814644164e-32
1.548074012823864040e-30 1.463827402952646017e-01 2.088732646468887857e-32 7.156155308471646862e-05
