7.067366620320003623e-02 0.000000000000000000e+00 1.088282046948741560e-02 0.000000000000000000e+00
7.825909202581955512e-32 5.856279008343270864e-02 1.750315534034959192e-30 1.263623368768527350e-02
3.801026475213539844e-03 4.265976377182552714e-30 1.109628080248506871e-01 2.081755986723626659e-31
3.627877542926200263e-31 3.439491186284443307e-04 1.443045186834627224e-30 9.605833408502058302e-02
9.780603335269222320e-02 4.667105835455875811e-30 7.151706042541008945e-02 4.399931921088861242e-31
1.186259144430453831e-31 7.158011202989221500e-02 1.589555288281679518e-30 4.085371999836785034e-02
1.761350492405921730e-01 1.796350785485861492e-30 1.524715397315457369e-02 4.117764154957477386e-31
3.242984543969231388e-32 1.629620597331081777e-01 1.463822724406600500e-30 2.302108276800675021e-03
1.448059176526782510e-01 2.008516830427891364e-31 1.834178458166445648e-03 2.277309838123839206e-31
3.593671271853978942e-31 1.575616389588337385e-01 2.713162399573324512e-30 1.330491802353390117e-02
8.122992932422137824e-02 1.752101287004654933e-31 4.398140499837079748e-02 1.917529361564620032e-31
2.456513549221995510e-30 1.135137476208007146e-01 7.782854818843129534e-30 7.979200197016007856e-02
3.062483096951210690e-04 1.556133543036094396e-30 8.433844214222231683e-02 3.688920496347258763e-31
1.889420231034238112e-30 3.955182458411668663e-03 5.712029045863956916e-30 1.009062727960978040e-01
6.704167066649209528e-02 2.929182312083945765e-30 1.401501517850727713e-02 3.402596696938270117e-31
1.627615522372053555e-31 7.874163632672243063e-02 1.432259821606033837e-30 1.234686993755063425e-02
1.263623368768508615e-02 4.056209840733400593e-31 5.856279008343204945e-02 1.924914133157415913e-31
1.824910621020689880e-30 1.088282046948728377e-02 6.628928933482426061e-30 7.067366620319985582e-02
9.605833408502016668e-02 2.075784509100960883e-30 3.439491186284311035e-04 2.905342788917043788e-31
1.707260693808841306e-30 1.109628080248510479e-01 7.668186264934511547e-30 3.801026475213621376e-03
4.085371999836789891e-02 6.328117233621358773e-30 7.158011202989206234e-02 4.733072884783897187e-31
3.372740299371153693e-31 7.151706042540996455e-02 1.695518014023106793e-30 9.780603335269208443e-02
2.302108276800725762e-03 7.744164809084276545e-30 1.629620597331079557e-01 5.556537164220173554e-31
2.406049447796941617e-33 1.524715397315457369e-02 4.853895500387589928e-33 1.761350492405913959e-01
1.330491802353377974e-02 4.674432861180822938e-30 1.575616389588338218e-01 4.502348533130437576e-31
1.680887348981289353e-31 1.834178458166441528e-03 1.673692738364603061e-30 1.448059176526780845e-01
7.979200197015950957e-02 1.313646769430926383e-30 1.135137476208015472e-01 2.238412077864064432e-31
9.152630516505363211e-31 4.398140499837088768e-02 6.703062512905366664e-30 8.122992932422169743e-02
1.009062727960975958e-01 3.106602112726025811e-31 3.955182458411844737e-03 2.284375787772177901e-32
1.879070914816757553e-30 8.433844214222287194e-02 9.082376499002846219e-30 3.062483096951435120e-04
1.234686993755064639e-02 3.864679359966799245e-30 7.874163632672197266e-02 1.833966789542745122e-31
1.279859528258351193e-30 1.401501517850741417e-02 2.889710835233598039e-30 6.704167066649177609e-02
