8.292397072985686901e-03 0.000000000000000000e+00 1.241145037530979461e-02 0.000000000000000000e+00
5.560157278609016681e-29 9.694550834714964205e-02 5.076846236580903600e-29 2.511824662929489360e-01
4.105983943847034412e-02 7.873209402841401671e-31 3.699086205956852134e-03 2.066709630084170855e-32
1.925793383584165216e-28 3.321710466048656829e-01 1.593930626137116868e-29 7.937618933918831610e-02
2.254091107833203211e-02 1.423136898092665260e-30 2.898175665183475263e-04 1.222649834773997589e-32
6.039789869385454548e-29 1.093563201955081859e-01 1.776562298165615665e-30 9.915081642086561939e-03
1.974314490165598318e-02 4.062911289389839580e-30 1.486488457723117820e-05 2.162225975041639392e-32
1.249820126635980808e-29 3.030043063606451675e-02 1.101350219296519008e-31 7.311583905042124982e-04
3.016020979692417975e-02 1.517472948121782479e-29 8.113030853559008220e-04 1.618995051739662891e-31
2.328183593159833106e-30 1.166135328136129988e-02 1.247745147852889534e-32 5.443895884311347482e-07
1.254392970549865760e-01 7.239629730360163901e-29 1.200274752440062820e-02 2.152163910995132386e-30
4.441962378996825708e-30 1.294161244956610821e-02 1.696530257947152684e-31 9.044277236039371514e-04
2.685359829384409425e-01 1.626730270099837283e-28 7.686203630512418450e-02 1.333762873029084934e-29
1.002715318021664044e-29 1.470840205531341247e-02 6.079072822907737778e-32 8.432938805464277807e-03
1.000896457585355726e-01 6.090725095671544891e-29 2.826751137342176645e-01 4.706124695625353283e-29
4.855597280145967909e-30 3.148906748714729899e-03 8.712902516569878827e-32 3.359576537628392728e-02
2.511824662929441621e-01 1.593596661324575560e-28 9.694550834714966980e-02 1.519898743338278009e-29
1.089068259516313235e-29 1.241145037531114770e-02 2.763727984665208025e-31 8.292397072984203713e-03
7.937618933918728914e-02 5.123392188118143869e-29 3.321710466048672372e-01 5.284208807192733144e-29
4.682667582788361973e-30 3.699086205957249820e-03 4.240421953756490798e-31 4.105983943846440443e-02
9.915081642086398875e-03 6.214724404778354967e-30 1.093563201955081443e-01 1.672957047668124477e-29
5.105902376466966300e-31 2.898175665183739809e-04 2.923874072980000321e-32 2.254091107832958268e-02
7.311583905041960183e-04 4.014264879198739698e-31 3.030043063606410042e-02 3.776542964165930617e-30
4.059093561284931832e-32 1.486488457723131203e-05 8.808124283682809156e-31 1.974314490165481398e-02
5.443895884331047351e-07 3.108581964111570514e-32 1.166135328136069967e-02 7.126784369845718520e-31
1.295670198574427618e-31 8.113030853558951842e-04 4.006385125304574557e-30 3.016020979692391954e-02
9.044277236041092143e-04 8.787055371266762485e-32 1.294161244956467879e-02 2.571597958243056673e-31
7.029616807657295237e-30 1.200274752440050330e-02 2.320588105560163342e-29 1.254392970549887965e-01
8.432938805465551094e-03 2.335867142315597547e-31 1.470840205531161529e-02 5.544346059043208933e-32
5.028088033625469664e-29 7.686203630512286611e-02 5.457983150215054658e-29 2.685359829384473818e-01
3.359576537628890247e-02 7.310830068893947298e-31 3.148906748714353897e-03 1.925929944387235853e-32
1.653887505579098049e-28 2.826751137342138898e-01 2.049327441786423882e-29 1.000896457585391253e-01
