4.509493168568996270e-03 0.000000000000000000e+00 2.248403546842834416e-03 0.000000000000000000e+00
6.121423689539520559e-29 2.526436542963471643e-01 1.603556895892031868e-29 2.588904568147699647e-01
7.668157881647522447e-03 3.712465326382031545e-33 4.110015772975012297e-04 5.892635594054583797e-33
8.452933991341206194e-29 3.506257613336978274e-01 2.645042049675145615e-30 4.639813353394067752e-02
2.806597419425559906e-03 1.962584627199395070e-32 1.816427900516773524e-05 8.765344189589435671e-35
1.633443567134435677e-29 6.891163258604247888e-02 2.159164774792531714e-31 3.862037852921287439e-03
3.280900943089002514e-03 3.770346970493890227e-31 6.791164886978190262e-06 1.400878518044289717e-33
2.237612187340449780e-30 1.041249186247976931e-02 6.110876765702201568e-33 1.952034688839038930e-04
9.801159233029021686e-03 1.906226217695748963e-30 1.828859885831642042e-04 1.395690770787600186e-32
2.091106251594814896e-30 2.138946417518165950e-03 1.132245420426977727e-33 2.707544298067144180e-06
7.920358585973566456e-02 1.780077718215111989e-29 4.150165929493831660e-03 2.764120179049837305e-31
1.377353375415668057e-29 1.632968905696521303e-03 1.872573302215693399e-32 5.670564369411930117e-05
2.914067214047276755e-01 6.722540912048371641e-29 4.025629570781810718e-02 2.657237860389781717e-30
5.280537698613692510e-29 2.616461403340452664e-03 3.066220178103979336e-31 9.265221408788583196e-04
2.849596757783622869e-01 6.564123044177783597e-29 2.619385593639909637e-01 1.677437407838707009e-29
4.750042456785417869e-29 1.805815636956558572e-03 4.280034884109466181e-30 6.031941312030465567e-03
2.588904568147681884e-01 6.285860554396379455e-29 2.526436542963503840e-01 1.530989973511316843e-29
5.063963839692275004e-29 2.248403546843136692e-03 5.224580628700628286e-30 4.509493168568929483e-03
4.639813353394002526e-02 1.186123054663273198e-29 3.506257613336982160e-01 2.179498602639419525e-29
1.146143565328149800e-29 4.110015772975476336e-04 9.061262752664515099e-30 7.668157881647344638e-03
3.862037852921168610e-03 1.024820568605117628e-30 6.891163258604210418e-02 4.329556725336099299e-30
1.291328821870691915e-30 1.816427900516838577e-05 3.368073533290501344e-30 2.806597419425511768e-03
1.952034688838948399e-04 5.714009369354888533e-32 1.041249186247964441e-02 6.464145153724202243e-31
2.565614742418122734e-31 6.791164886977986975e-06 1.502825313446286253e-30 3.280900943088924451e-03
2.707544298067330951e-06 9.962160902077755172e-33 2.138946417518166384e-03 1.186421092897976329e-31
4.660636135076640699e-32 1.828859885831640958e-04 1.164911240403809950e-30 9.801159233028903725e-03
5.670564369411636028e-05 9.750020343460381506e-34 1.632968905696392716e-03 6.444643076405787973e-32
8.611957929899886434e-31 4.150165929493903651e-03 5.842249860655682170e-30 7.920358585973504006e-02
9.265221408788686195e-04 9.401697857424721272e-33 2.616461403340154292e-03 1.885643401995854635e-31
9.312193338692476301e-30 4.025629570781858596e-02 1.957760137019739028e-29 2.914067214047265097e-01
6.031941312030530619e-03 0.000000000000000000e+00 1.805815636956328504e-03 7.703719777548943412e-34
6.190806631490340421e-29 2.619385593639929066e-01 1.943650128211695288e-29 2.849596757783612322e-01
