1.535128834682941224e-03 0.000000000000000000e+00 7.816464706109117755e-04 0.000000000000000000e+00
2.468507320409897672e-28 3.858805384818209117e-01 6.637491937457089867e-28 2.236642766448437292e-01
1.456151086503299028e-03 4.990572002287929261e-32 9.949689001320744463e-05 8.603594960502212096e-33
2.030021859795853241e-28 3.183677588634125089e-01 7.751926650879202531e-29 2.621874821482482812e-02
4.156325333225888716e-04 1.997671024398742311e-33 3.043319035983896382e-06 1.087106300264270831e-33
2.839697632172917746e-29 4.372593626072157624e-02 4.668381323532259092e-30 1.585949224616190357e-03
7.414871852300068808e-04 2.540018996789635195e-31 1.666189037758253062e-06 8.415396516247539951e-33
2.978833086584069493e-30 4.338351858015268916e-03 1.855683320750222501e-31 5.562454213406114870e-05
3.744261228047364876e-03 2.294093178762278743e-30 4.877673097686622395e-05 1.566921132692515667e-31
5.413058839184379726e-31 5.953005167829615802e-04 1.163092153286186304e-32 1.395610005492951370e-06
4.786686509998089312e-02 3.037082400768090413e-29 1.630339480043578853e-03 5.017937803059973857e-30
9.409261920753129565e-31 3.639255032742935735e-04 1.592368975441867438e-32 4.470811068366871522e-06
2.553766431207307730e-01 1.649206440089609462e-28 2.191897100882355884e-02 6.668891809206522179e-29
2.951089905836674789e-30 8.526807553156173173e-04 1.695571720989828251e-31 1.177814897598766997e-04
4.361112050615212898e-01 2.812100024978265959e-28 2.201829111310420750e-01 6.617819872926293574e-28
4.072367976211675379e-30 1.208656541072165814e-03 7.303263865591660007e-31 1.104379312728951410e-03
2.236642766448425079e-01 1.482125951198537149e-28 3.858805384818220219e-01 1.144271775086961958e-27
3.706409315757701516e-30 7.816464706107308221e-04 8.822709535749635338e-31 1.535128834682451815e-03
2.621874821482457832e-02 1.782980172927624345e-29 3.183677588634117872e-01 9.468757026485510110e-28
9.881948113416493239e-32 9.949689001318474414e-05 4.995844423644279409e-31 1.456151086502865347e-03
1.585949224616168239e-03 1.100010810456743236e-30 4.372593626072168033e-02 1.297652394710507719e-28
1.883087853018195596e-31 3.043319035982321324e-06 1.019768694057144577e-30 4.156325333225049544e-04
5.562454213406476723e-05 4.439019578741368914e-32 4.338351858015311417e-03 1.255091206103202416e-29
3.698754615724740173e-32 1.666189037758023092e-06 1.170613026371934163e-30 7.414871852299585253e-04
1.395610005492301273e-06 6.653389861150304217e-35 5.953005167830052735e-04 1.344768526035083700e-30
1.094882767739578260e-31 4.877673097686238181e-05 9.475642909730404566e-30 3.744261228047292885e-03
4.470811068368230163e-06 3.466673899897025083e-32 3.639255032743283764e-04 2.161013768224002829e-31
4.605262226213673307e-31 1.630339480043605091e-03 1.506389524130120051e-28 4.786686509998063638e-02
1.177814897599102558e-04 1.761398351091341915e-32 8.526807553157670456e-04 5.736939053481930329e-32
1.542824868317627897e-29 2.191897100882359006e-02 7.649221379861502067e-28 2.553766431207298848e-01
1.104379312729289464e-03 7.956799009303578624e-32 1.208656541072490424e-03 3.081487911019577365e-33
1.381066318501830015e-28 2.201829111310427967e-01 1.296375929916735374e-27 4.361112050615214564e-01
