3.446838174249947463e-24 1.145678849096828785e-20 1.754422233486445945e-03 2.482455777665138474e-01
2.499248090141443224e-01 7.519098585575743866e-05 1.137981530273226328e-20 8.042399496143146499e-23
7.519098585575800786e-05 2.499248090141441003e-01 8.042462612800401296e-23 1.137984458511033493e-20
1.145682002435995648e-20 3.446598494708834334e-24 2.482455777665137364e-01 1.754422233486448114e-03
3.446655339658993018e-24 1.145681285955340997e-20 1.754422233486438356e-03 2.482455777665139585e-01
2.499248090141443224e-01 7.519098585575482302e-05 1.137986554651304715e-20 8.042701981418825550e-23
7.519098585575371171e-05 2.499248090141442669e-01 8.042293946774749327e-23 1.137979431240219013e-20
1.145681851759736470e-20 3.446659439609955432e-24 2.482455777665135144e-01 1.754422233486444211e-03
3.446881256323535061e-24 1.145680382240477927e-20 1.754422233486445945e-03 2.482455777665137919e-01
2.499248090141442669e-01 7.519098585575520249e-05 1.137979909460608604e-20 8.042533761697192722e-23
7.519098585575325093e-05 2.499248090141442669e-01 8.042447697017763699e-23 1.137981817085079079e-20
1.145680497334466381e-20 3.446984630832798637e-24 2.482455777665133478e-01 1.754422233486441175e-03
3.447139321477920957e-24 1.145678198547497788e-20 1.754422233486452234e-03 2.482455777665138474e-01
2.499248090141443224e-01 7.519098585575680169e-05 1.137982438297009326e-20 8.042483353968151666e-23
7.519098585575840089e-05 2.499248090141442669e-01 8.042544846144787612e-23 1.137978329608829331e-20
1.145682464620181166e-20 3.446660514818869607e-24 2.482455777665134589e-01 1.754422233486442476e-03
