-3.500000000000000000e+00 4.398814906643955941e-02 4.350841123790975817e-02 4.350841123790975817e-02 4.398814906643956635e-02 4.398814906643953165e-02 4.350841123790976511e-02 4.350841123790975817e-02 4.398814906643954553e-02 4.398814906643960104e-02 4.350841123790973736e-02 4.350841123790977899e-02 4.398814906643953859e-02 4.398814906643952471e-02 4.350841123790977205e-02 4.350841123790973736e-02 4.398814906643953859e-02
-3.357142857142857206e+00 5.115627871577506369e-02 5.060952901978144070e-02 5.060952901978142682e-02 5.115627871577505675e-02 5.115627871577500124e-02 5.060952901978143376e-02 5.060952901978145457e-02 5.115627871577503594e-02 5.115627871577509145e-02 5.060952901978138518e-02 5.060952901978146151e-02 5.115627871577504981e-02 5.115627871577499430e-02 5.060952901978142682e-02 5.060952901978140600e-02 5.115627871577504288e-02
-3.214285714285714413e+00 5.940244204537654948e-02 5.877489850174746205e-02 5.877489850174746899e-02 5.940244204537657030e-02 5.940244204537654255e-02 5.877489850174744124e-02 5.877489850174746205e-02 5.940244204537654948e-02 5.940244204537659112e-02 5.877489850174744124e-02 5.877489850174750369e-02 5.940244204537656336e-02 5.940244204537653561e-02 5.877489850174744124e-02 5.877489850174744818e-02 5.940244204537652867e-02
-3.071428571428571619e+00 6.842435187631334959e-02 6.769796856625079351e-02 6.769796856625073800e-02 6.842435187631336346e-02 6.842435187631333571e-02 6.769796856625073800e-02 6.769796856625073800e-02 6.842435187631333571e-02 6.842435187631344673e-02 6.769796856625073800e-02 6.769796856625080739e-02 6.842435187631330795e-02 6.842435187631332183e-02 6.769796856625075188e-02 6.769796856625072412e-02 6.842435187631332183e-02
-2.928571428571428825e+00 7.780906365918245637e-02 7.695980889817408133e-02 7.695980889817408133e-02 7.780906365918242862e-02 7.780906365918241474e-02 7.695980889817402582e-02 7.695980889817412296e-02 7.780906365918248413e-02 7.780906365918252576e-02 7.695980889817398418e-02 7.695980889817410908e-02 7.780906365918237311e-02 7.780906365918238698e-02 7.695980889817403969e-02 7.695980889817409520e-02 7.780906365918242862e-02
-2.785714285714285587e+00 8.733769721189856006e-02 8.633364462864608069e-02 8.633364462864605293e-02 8.733769721189850455e-02 8.733769721189843516e-02 8.633364462864601130e-02 8.633364462864605293e-02 8.733769721189846291e-02 8.733769721189862945e-02 8.633364462864601130e-02 8.633364462864610844e-02 8.733769721189847679e-02 8.733769721189843516e-02 8.633364462864601130e-02 8.633364462864605293e-02 8.733769721189846291e-02
-2.642857142857142794e+00 9.711679632274720919e-02 9.591695418735544931e-02 9.591695418735539380e-02 9.711679632274716756e-02 9.711679632274711205e-02 9.591695418735539380e-02 9.591695418735544931e-02 9.711679632274713980e-02 9.711679632274720919e-02 9.591695418735537992e-02 9.591695418735542156e-02 9.711679632274712592e-02 9.711679632274711205e-02 9.591695418735540768e-02 9.591695418735543543e-02 9.711679632274715368e-02
-2.500000000000000000e+00 1.072695372079103121e-01 1.058250832132569957e-01 1.058250832132570096e-01 1.072695372079102982e-01 1.072695372079102705e-01 1.058250832132569680e-01 1.058250832132569819e-01 1.072695372079103260e-01 1.072695372079103537e-01 1.058250832132569819e-01 1.058250832132570651e-01 1.072695372079102705e-01 1.072695372079102843e-01 1.058250832132570096e-01 1.058250832132569680e-01 1.072695372079102843e-01
-2.357142857142857206e+00 1.174575535039434210e-01 1.157171811313209564e-01 1.157171811313209425e-01 1.174575535039433377e-01 1.174575535039433932e-01 1.157171811313208870e-01 1.157171811313210258e-01 1.174575535039433100e-01 1.174575535039434487e-01 1.157171811313209286e-01 1.157171811313209980e-01 1.174575535039433655e-01 1.174575535039433793e-01 1.157171811313209425e-01 1.157171811313209703e-01 1.174575535039432683e-01
-2.214285714285714413e+00 1.267592846258265293e-01 1.246781250518687462e-01 1.246781250518686907e-01 1.267592846258265848e-01 1.267592846258265571e-01 1.246781250518686768e-01 1.246781250518687323e-01 1.267592846258265848e-01 1.267592846258265848e-01 1.246781250518686907e-01 1.246781250518687184e-01 1.267592846258265293e-01 1.267592846258265016e-01 1.246781250518687323e-01 1.246781250518687323e-01 1.267592846258265571e-01
-2.071428571428571619e+00 1.342032024997559247e-01 1.317498804100782073e-01 1.317498804100782628e-01 1.342032024997559525e-01 1.342032024997559525e-01 1.317498804100781518e-01 1.317498804100783460e-01 1.342032024997559525e-01 1.342032024997560358e-01 1.317498804100782073e-01 1.317498804100782905e-01 1.342032024997559247e-01 1.342032024997559525e-01 1.317498804100781795e-01 1.317498804100782350e-01 1.342032024997559525e-01
-1.928571428571428603e+00 1.395042665114651637e-01 1.366580165571457117e-01 1.366580165571456007e-01 1.395042665114651081e-01 1.395042665114650249e-01 1.366580165571456840e-01 1.366580165571456840e-01 1.395042665114650526e-01 1.395042665114652192e-01 1.366580165571457117e-01 1.366580165571456840e-01 1.395042665114650526e-01 1.395042665114650249e-01 1.366580165571457117e-01 1.366580165571457950e-01 1.395042665114649971e-01
-1.785714285714285809e+00 1.431810876139013033e-01 1.399181998619995482e-01 1.399181998619995759e-01 1.431810876139011368e-01 1.431810876139012201e-01 1.399181998619994649e-01 1.399181998619996037e-01 1.431810876139013033e-01 1.431810876139013589e-01 1.399181998619995482e-01 1.399181998619995204e-01 1.431810876139011923e-01 1.431810876139012201e-01 1.399181998619994649e-01 1.399181998619996314e-01 1.431810876139012756e-01
-1.642857142857143016e+00 1.460819417618882954e-01 1.423598815613035251e-01 1.423598815613036084e-01 1.460819417618882399e-01 1.460819417618882676e-01 1.423598815613034974e-01 1.423598815613035251e-01 1.460819417618882399e-01 1.460819417618883509e-01 1.423598815613035251e-01 1.423598815613036084e-01 1.460819417618882954e-01 1.460819417618883231e-01 1.423598815613035251e-01 1.423598815613034974e-01 1.460819417618882121e-01
-1.500000000000000000e+00 1.488630020930420406e-01 1.446082413493960661e-01 1.446082413493959273e-01 1.488630020930420406e-01 1.488630020930419573e-01 1.446082413493959273e-01 1.446082413493959551e-01 1.488630020930420683e-01 1.488630020930421238e-01 1.446082413493960106e-01 1.446082413493959828e-01 1.488630020930420128e-01 1.488630020930419573e-01 1.446082413493959828e-01 1.446082413493959551e-01 1.488630020930420406e-01
-1.357142857142857206e+00 1.516687628529897192e-01 1.467731877454766520e-01 1.467731877454767353e-01 1.516687628529896636e-01 1.516687628529897192e-01 1.467731877454765965e-01 1.467731877454767908e-01 1.516687628529897192e-01 1.516687628529897747e-01 1.467731877454767075e-01 1.467731877454767908e-01 1.516687628529897469e-01 1.516687628529897192e-01 1.467731877454766520e-01 1.467731877454767908e-01 1.516687628529897192e-01
-1.214285714285714413e+00 1.540258364321019091e-01 1.483598570429532637e-01 1.483598570429533470e-01 1.540258364321018536e-01 1.540258364321018814e-01 1.483598570429532082e-01 1.483598570429533470e-01 1.540258364321019091e-01 1.540258364321019924e-01 1.483598570429533192e-01 1.483598570429534025e-01 1.540258364321019091e-01 1.540258364321019369e-01 1.483598570429532360e-01 1.483598570429533470e-01 1.540258364321018536e-01
-1.071428571428571619e+00 1.549325908919735595e-01 1.483740492588509485e-01 1.483740492588508375e-01 1.549325908919735040e-01 1.549325908919735040e-01 1.483740492588507820e-01 1.483740492588509485e-01 1.549325908919735040e-01 1.549325908919736428e-01 1.483740492588508930e-01 1.483740492588508930e-01 1.549325908919735595e-01 1.549325908919735317e-01 1.483740492588508930e-01 1.483740492588509208e-01 1.549325908919735595e-01
-9.285714285714288252e-01 1.533511761453645039e-01 1.458255830762375527e-01 1.458255830762374416e-01 1.533511761453646427e-01 1.533511761453645594e-01 1.458255830762374139e-01 1.458255830762374972e-01 1.533511761453645872e-01 1.533511761453645872e-01 1.458255830762375527e-01 1.458255830762374694e-01 1.533511761453646427e-01 1.533511761453645872e-01 1.458255830762374694e-01 1.458255830762375527e-01 1.533511761453645872e-01
-7.857142857142860315e-01 1.490580487543813615e-01 1.405970126809825693e-01 1.405970126809825416e-01 1.490580487543813892e-01 1.490580487543814447e-01 1.405970126809824861e-01 1.405970126809825416e-01 1.490580487543814447e-01 1.490580487543813892e-01 1.405970126809825416e-01 1.405970126809825416e-01 1.490580487543814170e-01 1.490580487543814170e-01 1.405970126809825138e-01 1.405970126809825693e-01 1.490580487543814725e-01
-6.428571428571432378e-01 1.429342281754958643e-01 1.337574639213810479e-01 1.337574639213810479e-01 1.429342281754959476e-01 1.429342281754959199e-01 1.337574639213809924e-01 1.337574639213810757e-01 1.429342281754959199e-01 1.429342281754959754e-01 1.337574639213810479e-01 1.337574639213810201e-01 1.429342281754960586e-01 1.429342281754960031e-01 1.337574639213810479e-01 1.337574639213810757e-01 1.429342281754959754e-01
-5.000000000000000000e-01 1.362561305582768167e-01 1.268626998270398765e-01 1.268626998270398765e-01 1.362561305582769278e-01 1.362561305582769278e-01 1.268626998270398487e-01 1.268626998270399042e-01 1.362561305582768723e-01 1.362561305582769000e-01 1.268626998270399042e-01 1.268626998270398765e-01 1.362561305582769555e-01 1.362561305582769000e-01 1.268626998270398765e-01 1.268626998270399875e-01 1.362561305582769278e-01
-3.571428571428572063e-01 1.299548914902537711e-01 1.211879597128004832e-01 1.211879597128004832e-01 1.299548914902537711e-01 1.299548914902538266e-01 1.211879597128004693e-01 1.211879597128004138e-01 1.299548914902537988e-01 1.299548914902538266e-01 1.211879597128004832e-01 1.211879597128004138e-01 1.299548914902537988e-01 1.299548914902537988e-01 1.211879597128004415e-01 1.211879597128004554e-01 1.299548914902538266e-01
-2.142857142857144126e-01 1.244934423408933510e-01 1.175195158490122266e-01 1.175195158490121988e-01 1.244934423408933927e-01 1.244934423408934066e-01 1.175195158490121849e-01 1.175195158490121711e-01 1.244934423408933927e-01 1.244934423408934066e-01 1.175195158490121988e-01 1.175195158490122127e-01 1.244934423408933927e-01 1.244934423408934204e-01 1.175195158490122266e-01 1.175195158490121849e-01 1.244934423408934343e-01
-7.142857142857161890e-02 1.201220166705492531e-01 1.162031581042028555e-01 1.162031581042028694e-01 1.201220166705492393e-01 1.201220166705492393e-01 1.162031581042028555e-01 1.162031581042028139e-01 1.201220166705492531e-01 1.201220166705493225e-01 1.162031581042028278e-01 1.162031581042028416e-01 1.201220166705492254e-01 1.201220166705492254e-01 1.162031581042028416e-01 1.162031581042028833e-01 1.201220166705492948e-01
7.142857142857117481e-02 1.171942383710272428e-01 1.171942383710273122e-01 1.171942383710273122e-01 1.171942383710273122e-01 1.171942383710273400e-01 1.171942383710273400e-01 1.171942383710273122e-01 1.171942383710272706e-01 1.171942383710273261e-01 1.171942383710272706e-01 1.171942383710272984e-01 1.171942383710273122e-01 1.171942383710273400e-01 1.171942383710273400e-01 1.171942383710273400e-01 1.171942383710272845e-01
2.142857142857139685e-01 1.162031581042028000e-01 1.201220166705492393e-01 1.201220166705492809e-01 1.162031581042028416e-01 1.162031581042028278e-01 1.201220166705492809e-01 1.201220166705492115e-01 1.162031581042028139e-01 1.162031581042028694e-01 1.201220166705491699e-01 1.201220166705492531e-01 1.162031581042028416e-01 1.162031581042028555e-01 1.201220166705493086e-01 1.201220166705492393e-01 1.162031581042028694e-01
3.571428571428567622e-01 1.175195158490121711e-01 1.244934423408933649e-01 1.244934423408934482e-01 1.175195158490122543e-01 1.175195158490121988e-01 1.244934423408933788e-01 1.244934423408934621e-01 1.175195158490121711e-01 1.175195158490122682e-01 1.244934423408934066e-01 1.244934423408934343e-01 1.175195158490122127e-01 1.175195158490122127e-01 1.244934423408933788e-01 1.244934423408934621e-01 1.175195158490121988e-01
5.000000000000000000e-01 1.211879597128004832e-01 1.299548914902538266e-01 1.299548914902537988e-01 1.211879597128004832e-01 1.211879597128004415e-01 1.299548914902537433e-01 1.299548914902538543e-01 1.211879597128004554e-01 1.211879597128004554e-01 1.299548914902537988e-01 1.299548914902537988e-01 1.211879597128004277e-01 1.211879597128004415e-01 1.299548914902538266e-01 1.299548914902538266e-01 1.211879597128004832e-01
6.428571428571423496e-01 1.268626998270399042e-01 1.362561305582768167e-01 1.362561305582768445e-01 1.268626998270398487e-01 1.268626998270398487e-01 1.362561305582768167e-01 1.362561305582768445e-01 1.268626998270398765e-01 1.268626998270399320e-01 1.362561305582768167e-01 1.362561305582768445e-01 1.268626998270398487e-01 1.268626998270398765e-01 1.362561305582768445e-01 1.362561305582768445e-01 1.268626998270399042e-01
7.857142857142855874e-01 1.337574639213811312e-01 1.429342281754959199e-01 1.429342281754959754e-01 1.337574639213811312e-01 1.337574639213811034e-01 1.429342281754959199e-01 1.429342281754959199e-01 1.337574639213810757e-01 1.337574639213811589e-01 1.429342281754959476e-01 1.429342281754959476e-01 1.337574639213811312e-01 1.337574639213811034e-01 1.429342281754958921e-01 1.429342281754959754e-01 1.337574639213811589e-01
9.285714285714279370e-01 1.405970126809825971e-01 1.490580487543814447e-01 1.490580487543814725e-01 1.405970126809825693e-01 1.405970126809825138e-01 1.490580487543814170e-01 1.490580487543813892e-01 1.405970126809825138e-01 1.405970126809825693e-01 1.490580487543814725e-01 1.490580487543814170e-01 1.405970126809825693e-01 1.405970126809825971e-01 1.490580487543813892e-01 1.490580487543814447e-01 1.405970126809825693e-01
1.071428571428571175e+00 1.458255830762375527e-01 1.533511761453646149e-01 1.533511761453645872e-01 1.458255830762374972e-01 1.458255830762375804e-01 1.533511761453645872e-01 1.533511761453646149e-01 1.458255830762375804e-01 1.458255830762375249e-01 1.533511761453645872e-01 1.533511761453646149e-01 1.458255830762375804e-01 1.458255830762375527e-01 1.533511761453646705e-01 1.533511761453646427e-01 1.458255830762376082e-01
1.214285714285714413e+00 1.483740492588509485e-01 1.549325908919736428e-01 1.549325908919735040e-01 1.483740492588509763e-01 1.483740492588509208e-01 1.549325908919735317e-01 1.549325908919735317e-01 1.483740492588509763e-01 1.483740492588509208e-01 1.549325908919736150e-01 1.549325908919735872e-01 1.483740492588510040e-01 1.483740492588509485e-01 1.549325908919736428e-01 1.549325908919735872e-01 1.483740492588510318e-01
1.357142857142856762e+00 1.483598570429533192e-01 1.540258364321019924e-01 1.540258364321020201e-01 1.483598570429533747e-01 1.483598570429533192e-01 1.540258364321019369e-01 1.540258364321019091e-01 1.483598570429533192e-01 1.483598570429532637e-01 1.540258364321019369e-01 1.540258364321019924e-01 1.483598570429533747e-01 1.483598570429533192e-01 1.540258364321019646e-01 1.540258364321020479e-01 1.483598570429533747e-01
1.500000000000000000e+00 1.467731877454767353e-01 1.516687628529897469e-01 1.516687628529897469e-01 1.467731877454767075e-01 1.467731877454767353e-01 1.516687628529898302e-01 1.516687628529896914e-01 1.467731877454766798e-01 1.467731877454766798e-01 1.516687628529897469e-01 1.516687628529897469e-01 1.467731877454767631e-01 1.467731877454767353e-01 1.516687628529897747e-01 1.516687628529897469e-01 1.467731877454767075e-01
1.642857142857142350e+00 1.446082413493959828e-01 1.488630020930420961e-01 1.488630020930421238e-01 1.446082413493960106e-01 1.446082413493959828e-01 1.488630020930421238e-01 1.488630020930420406e-01 1.446082413493960106e-01 1.446082413493958996e-01 1.488630020930420961e-01 1.488630020930420683e-01 1.446082413493960384e-01 1.446082413493960384e-01 1.488630020930420961e-01 1.488630020930420961e-01 1.446082413493960384e-01
1.785714285714285587e+00 1.423598815613035806e-01 1.460819417618884342e-01 1.460819417618883787e-01 1.423598815613035806e-01 1.423598815613036916e-01 1.460819417618883231e-01 1.460819417618882954e-01 1.423598815613036639e-01 1.423598815613034974e-01 1.460819417618884064e-01 1.460819417618884064e-01 1.423598815613036084e-01 1.423598815613036639e-01 1.460819417618882954e-01 1.460819417618882954e-01 1.423598815613036639e-01
1.928571428571427937e+00 1.399181998619995204e-01 1.431810876139013311e-01 1.431810876139012756e-01 1.399181998619995204e-01 1.399181998619996314e-01 1.431810876139011646e-01 1.431810876139013033e-01 1.399181998619996037e-01 1.399181998619994927e-01 1.431810876139012201e-01 1.431810876139012756e-01 1.399181998619995204e-01 1.399181998619996037e-01 1.431810876139011646e-01 1.431810876139013589e-01 1.399181998619996037e-01
2.071428571428571175e+00 1.366580165571456840e-01 1.395042665114651637e-01 1.395042665114651637e-01 1.366580165571457117e-01 1.366580165571458505e-01 1.395042665114651081e-01 1.395042665114651637e-01 1.366580165571457395e-01 1.366580165571457117e-01 1.395042665114650804e-01 1.395042665114652469e-01 1.366580165571456840e-01 1.366580165571458505e-01 1.395042665114651081e-01 1.395042665114652469e-01 1.366580165571457672e-01
2.214285714285713524e+00 1.317498804100782905e-01 1.342032024997560358e-01 1.342032024997559525e-01 1.317498804100782628e-01 1.317498804100783738e-01 1.342032024997559803e-01 1.342032024997560635e-01 1.317498804100783183e-01 1.317498804100783183e-01 1.342032024997560358e-01 1.342032024997559803e-01 1.317498804100782073e-01 1.317498804100784016e-01 1.342032024997559247e-01 1.342032024997560913e-01 1.317498804100782350e-01
2.357142857142856762e+00 1.246781250518686629e-01 1.267592846258265016e-01 1.267592846258265293e-01 1.246781250518686768e-01 1.246781250518687878e-01 1.267592846258265016e-01 1.267592846258265848e-01 1.246781250518687184e-01 1.246781250518687045e-01 1.267592846258264183e-01 1.267592846258265848e-01 1.246781250518686490e-01 1.246781250518688017e-01 1.267592846258264461e-01 1.267592846258265848e-01 1.246781250518687045e-01
2.500000000000000000e+00 1.157171811313208593e-01 1.174575535039433793e-01 1.174575535039433793e-01 1.157171811313208454e-01 1.157171811313210119e-01 1.174575535039433793e-01 1.174575535039434349e-01 1.157171811313209009e-01 1.157171811313209842e-01 1.174575535039432544e-01 1.174575535039434210e-01 1.157171811313208593e-01 1.157171811313210258e-01 1.174575535039433238e-01 1.174575535039434349e-01 1.157171811313209286e-01
2.642857142857142350e+00 1.058250832132569125e-01 1.072695372079103121e-01 1.072695372079103537e-01 1.058250832132568986e-01 1.058250832132570235e-01 1.072695372079103815e-01 1.072695372079103815e-01 1.058250832132570374e-01 1.058250832132570513e-01 1.072695372079102705e-01 1.072695372079103815e-01 1.058250832132568708e-01 1.058250832132570651e-01 1.072695372079103399e-01 1.072695372079103676e-01 1.058250832132569819e-01
2.785714285714285587e+00 9.591695418735547707e-02 9.711679632274709817e-02 9.711679632274711205e-02 9.591695418735543543e-02 9.591695418735547707e-02 9.711679632274716756e-02 9.711679632274716756e-02 9.591695418735546319e-02 9.591695418735551870e-02 9.711679632274712592e-02 9.711679632274716756e-02 9.591695418735533829e-02 9.591695418735549095e-02 9.711679632274709817e-02 9.711679632274720919e-02 9.591695418735546319e-02
2.928571428571427937e+00 8.633364462864602518e-02 8.733769721189846291e-02 8.733769721189847679e-02 8.633364462864605293e-02 8.633364462864603905e-02 8.733769721189851842e-02 8.733769721189860169e-02 8.633364462864610844e-02 8.633364462864605293e-02 8.733769721189849067e-02 8.733769721189853230e-02 8.633364462864599742e-02 8.633364462864606681e-02 8.733769721189846291e-02 8.733769721189858781e-02 8.633364462864603905e-02
3.071428571428571175e+00 7.695980889817406745e-02 7.780906365918238698e-02 7.780906365918242862e-02 7.695980889817403969e-02 7.695980889817403969e-02 7.780906365918247025e-02 7.780906365918240086e-02 7.695980889817401194e-02 7.695980889817408133e-02 7.780906365918235923e-02 7.780906365918244250e-02 7.695980889817401194e-02 7.695980889817408133e-02 7.780906365918235923e-02 7.780906365918241474e-02 7.695980889817399806e-02
3.214285714285713524e+00 6.769796856625079351e-02 6.842435187631333571e-02 6.842435187631340510e-02 6.769796856625077963e-02 6.769796856625076575e-02 6.842435187631339122e-02 6.842435187631339122e-02 6.769796856625077963e-02 6.769796856625080739e-02 6.842435187631330795e-02 6.842435187631340510e-02 6.769796856625076575e-02 6.769796856625080739e-02 6.842435187631334959e-02 6.842435187631341897e-02 6.769796856625076575e-02
3.357142857142856762e+00 5.877489850174744124e-02 5.940244204537652173e-02 5.940244204537656336e-02 5.877489850174744124e-02 5.877489850174748981e-02 5.940244204537657724e-02 5.940244204537655642e-02 5.877489850174747593e-02 5.877489850174742736e-02 5.940244204537651479e-02 5.940244204537656336e-02 5.877489850174743430e-02 5.877489850174748287e-02 5.940244204537652173e-02 5.940244204537655642e-02 5.877489850174745512e-02
3.500000000000000000e+00 5.060952901978143376e-02 5.115627871577495961e-02 5.115627871577498043e-02 5.060952901978140600e-02 5.060952901978144070e-02 5.115627871577504288e-02 5.115627871577500818e-02 5.060952901978143376e-02 5.060952901978142682e-02 5.115627871577495961e-02 5.115627871577497349e-02 5.060952901978139906e-02 5.060952901978144763e-02 5.115627871577500124e-02 5.115627871577504981e-02 5.060952901978141294e-02
